image_width: 464
image_height: 400
camera_name: narrow_stereo/right
camera_matrix:
  rows: 3
  cols: 3
  data: [239.46219,   0.     , 234.09259,
           0.     , 241.31301, 206.7648 ,
           0.     ,   0.     ,   1.     ]
distortion_model: plumb_bob
distortion_coefficients:
  rows: 1
  cols: 5
  data: [0.039283, -0.008735, 0.006239, 0.002693, 0.000000]
rectification_matrix:
  rows: 3
  cols: 3
  data: [ 0.99741463, -0.01077275,  0.07104933,
          0.0106624 ,  0.99994129,  0.00193227,
         -0.07106597, -0.00116972,  0.99747093]
projection_matrix:
  rows: 3
  cols: 4
  data: [271.79098,   0.     , 202.77231,   6.8302 ,
           0.     , 271.79098, 210.75114,   0.     ,
           0.     ,   0.     ,   1.     ,   0.     ]
